B4: 0.9354860231
Clos: 0.9433182591
Telstra: 0.9002880687
AT&T: 0.9662039621
EBONE: 0.9505491725


